100
1 1
1 2
2 3
100 1000
0 0
0 1000
41 268
72 560
80 147
65 407
96 125
49 586
51 728
63 554
66 788
80 911
71 725
64 217
90 629
49 677
23 358
94 959
25 827
51 963
13 624
67 621
19 262
12 675
99 253
92 531
74 453
95 559
39 88
39 392
37 138
57 835
95 412
71 983
86 912
51 443
74 474
75 730
33 954
29 799
58 983
52 753
35 100
46 900
71 751
17 505
94 99
77 176
83 390
83 507
59 257
2 559
86 91
94 728
80 800
39 421
60 803
72 947
58 270
8 872
12 750
47 341
49 963
71 107
34 626
21 895
92 327
80 309
74 477
28 539
100 558
29 674
4 327
79 320
98 880
91 749
82 290
59 513
34 493
51 719
92 868
77 808
38 619
51 638
35 722
22 147
67 133
90 863
82 993
51 322
78 202
74 456
100 329
53 156
57 619
32 913