100
2 3
2 1
2 2
1 1
4 6
1 2 3 4
5 4
100 10 10 10 10
5 51
10 10 10 10 10
100 100
100 100 100 100 100 100 100 100 100 100 100 100 100 100 100 100 100 100 100 100 100 100 100 100 100 100 100 100 100 100 100 100 100 100 100 100 100 100 100 100 100 100 100 100 100 100 100 100 100 100 100 100 100 100 100 100 100 100 100 100 100 100 100 100 100 100 100 100 100 100 100 100 100 100 100 100 100 100 100 100 100 100 100 100 100 100 100 100 100 100 100 100 100 100 100 100 100 100 100 100
1 100
100
1 1
100
5 22
30 70 68 39 59
96 97
37 24 59 78 59 71 65 24 57 47 100 21 88 2 64 6 63 57 21 88 48 75 64 88 15 82 79 59 74 67 18 41 64 32 15 54 29 35 57 18 97 36 57 21 44 55 61 20 11 27 81 5 94 78 67 97 17 27 98 2 26 28 70 50 66 55 70 14 91 79 34 59 51 82 27 41 3 78 4 97 90 89 45 39 95 53 43 96 52 8 14 56 64 55 78 79
1 1
1
97 33
38 66 91 20 10 45 96 51 39 51 72 73 90 10 11 54 79 81 97 11 80 53 44 6 16 79 58 56 3 12 35 67 52 37 97 39 64 55 52 59 25 69 1 16 65 43 61 70 28 47 59 100 63 6 34 29 27 50 20 26 85 1 84 10 79 24 37 75 66 37 90 35 34 97 81 35 99 34 3 99 74 53 46 50 63 7 86 100 16 42 60 5 22 41 44 51 41
47 77
58 22 8 98 43 53 56 7 99 13 29 32 9 63 47 41 63 1 54 96 13 78 20 42 83 65 12 8 9 12 46 21 31 99 47 51 13 90 51 84 87 85 38 37 1 29 92
41 19
63 45 87 31 63 100 43 99 96 25 24 60 79 80 18 11 1 44 18 35 33 45 55 27 97 46 94 66 51 78 41 8 99 53 3 39 34 53 43 66 62
66 31
12 13 94 20 29 28 85 55 28 86 49 73 56 95 69 70 60 88 75 86 32 27 86 50 87 67 37 29 46 8 89 94 2 68 57 22 25 12 31 45 37 1 98 61 89 93 98 26 64 22 8 55 75 29 87 53 86 90 26 98 74 12 83 33 26 79
50 24
87 21 42 92 68 46 45 89 86 33 59 9 89 76 57 5 59 87 2 63 73 16 17 54 34 51 44 91 6 98 48 72 80 52 18 61 95 73 62 94 52 93 46 28 7 94 22 32 90 15
49 90
14 31 26 71 87 69 99 36 64 89 10 79 79 99 59 72 46 82 9 22 70 48 56 10 18 32 18 71 15 60 13 98 39 80 56 36 72 75 50 97 79 4 11 72 72 95 4 68 12
54 29
65 36 74 25 80 51 66 18 67 95 98 18 44 4 51 29 7 6 7 99 22 96 39 52 45 92 65 94 86 81 87 92 82 54 43 25 13 29 16 14 71 1 9 23 8 91 85 87 49 15 6 51 50 49
74 17
70 82 71 41 50 1 26 80 42 9 27 27 14 37 54 18 8 49 69 58 61 50 32 59 33 41 45 18 82 40 74 10 28 98 71 57 43 17 4 66 57 64 98 45 75 85 69 58 77 67 18 21 32 85 34 25 75 4 95 76 38 61 13 55 71 5 91 94 5 32 27 74 10 92
28 57
79 52 27 54 51 28 32 81 4 30 73 21 61 30 23 40 28 99 88 95 58 50 21 71 1 78 93 15
89 12
17 48 35 35 81 73 77 15 51 42 22 19 19 2 21 61 35 32 91 38 8 27 90 89 16 14 19 84 9 23 64 88 69 37 6 68 32 8 44 57 48 48 85 8 87 42 87 84 62 70 53 90 95 4 42 55 32 13 70 5 98 12 36 92 17 50 49 74 94 3 80 60 25 42 18 83 45 67 4 28 8 47 99 92 27 59 63 95 56
33 23
57 70 87 87 13 27 9 43 41 69 86 52 78 19 73 1 94 4 26 56 36 1 90 36 47 90 51 40 65 42 5 73 20
12 40
37 14 65 47 57 17 68 40 37 39 3 58
41 48
66 87 98 60 8 33 29 15 26 55 6 69 41 35 69 35 64 47 14 39 93 28 55 11 54 35 86 49 7 19 98 18 74 33 94 100 60 6 69 88 86
66 97
20 37 25 86 69 46 71 85 73 77 88 84 63 41 61 56 98 1 44 94 67 24 74 18 65 18 15 1 51 41 1 56 9 47 20 89 51 94 30 26 51 43 67 88 35 88 91 78 82 84 95 70 23 92 36 15 42 11 34 96 84 77 28 36 41 53
96 2
40 92 58 86 13 21 72 1 89 7 57 25 7 51 70 65 42 7 64 72 32 99 72 83 93 61 71 96 94 36 5 36 20 76 80 89 52 38 48 76 48 54 39 9 31 4 34 1 73 75 58 47 77 42 8 46 84 9 69 69 31 76 95 96 7 95 4 98 62 50 44 64 29 5 72 49 17 70 91 26 95 21 70 76 68 33 28 28 84 21 20 62 21 86 89 41
42 47
25 18 26 16 77 35 43 84 77 42 42 45 13 81 12 85 7 100 70 26 50 61 89 45 2 88 46 8 44 24 96 13 93 28 97 62 70 81 30 95 98 51
93 89
44 30 29 56 26 3 97 15 63 71 84 78 52 71 1 56 89 88 65 58 10 13 45 7 46 59 22 94 27 89 38 94 95 60 37 36 40 72 4 50 27 3 52 30 90 70 90 4 53 98 46 24 97 1 13 75 32 9 20 85 44 3 53 88 84 16 96 83 46 72 91 57 70 32 70 98 23 89 66 94 39 78 58 77 30 91 26 87 25 66 11 53 53
50 63
27 61 33 59 95 31 6 6 86 91 84 8 58 13 74 19 64 14 75 17 23 36 23 86 25 93 19 15 32 5 93 99 67 47 72 37 58 98 19 74 91 91 11 1 71 6 70 60 24 21
93 68
56 29 82 39 78 72 19 13 40 73 37 42 32 69 80 38 7 70 30 31 23 11 94 42 11 35 8 2 77 1 62 50 51 11 20 45 94 1 3 12 43 53 94 46 43 89 66 35 89 60 64 55 98 89 97 52 68 88 81 79 27 2 67 95 64 3 36 71 58 26 66 84 91 57 15 82 18 69 30 23 70 32 89 72 64 5 79 52 48 37 100 30 78
40 87
67 3 45 99 33 16 89 65 26 46 84 93 95 79 78 23 62 97 2 12 53 37 5 57 54 41 41 75 40 30 98 20 55 19 29 20 23 18 75 8
65 54
88 63 11 8 20 62 72 66 74 46 47 65 75 34 28 50 13 26 72 51 69 90 78 86 70 84 46 42 4 30 53 46 39 98 96 91 71 46 70 89 71 14 13 92 69 75 12 95 86 83 2 9 78 14 81 24 69 83 49 2 27 55 75 98 66
45 69
42 38 4 67 58 2 45 87 30 9 67 69 11 45 79 82 68 19 64 7 31 11 16 92 41 42 37 42 1 45 61 19 11 3 87 32 85 31 42 53 23 55 23 56 84
97 93
45 60 56 35 56 28 34 56 15 2 39 77 90 69 76 10 16 45 16 4 68 63 42 82 40 15 5 43 92 45 65 2 34 82 27 15 28 79 66 18 35 27 19 42 87 89 10 91 44 88 30 54 67 62 35 48 51 79 26 18 93 10 60 69 1 28 66 50 12 68 85 23 11 27 82 86 62 69 52 85 61 88 1 58 53 7 65 33 70 57 85 1 67 80 15 56 47
27 19
5 31 24 57 98 84 38 99 85 38 98 94 75 73 20 89 32 11 39 78 69 94 23 23 31 19 97
82 99
47 40 60 75 33 29 68 48 37 68 12 12 100 14 80 54 63 62 89 79 52 76 32 95 62 79 16 5 12 94 97 79 25 57 37 42 27 77 56 48 66 89 31 91 58 70 74 85 24 90 66 60 84 56 76 92 58 67 7 78 75 79 84 84 82 40 68 10 84 78 77 15 79 69 69 73 90 2 60 77 62 10
24 94
44 97 13 79 11 85 82 63 94 49 54 69 93 76 40 48 4 62 45 41 61 80 78 30
96 31
41 9 95 95 67 58 59 69 97 53 64 7 91 64 87 78 4 39 82 56 8 8 48 4 22 89 7 23 78 32 6 19 42 70 19 85 71 19 89 87 34 82 1 32 55 72 66 91 19 1 86 34 1 1 71 59 30 68 62 64 57 29 14 20 71 88 41 53 79 98 87 50 54 72 19 92 66 71 1 97 32 36 48 33 47 32 57 37 35 21 40 4 42 69 72 96
28 98
9 65 41 47 99 8 3 78 28 55 52 6 94 51 70 99 92 37 14 60 19 93 62 37 11 8 30 57
94 97
92 9 23 58 39 69 72 24 81 54 15 17 77 73 9 24 40 55 54 66 1 34 96 31 22 7 15 38 85 52 90 18 1 72 24 69 62 93 71 10 42 33 9 10 8 28 32 38 37 8 83 36 18 98 88 7 13 4 38 60 79 40 32 70 77 44 63 96 34 6 34 62 92 18 56 62 82 85 85 96 14 69 34 31 71 83 27 89 49 100 82 68 48 94
18 15
97 24 72 41 14 85 84 56 93 22 75 1 75 15 47 50 3 55
80 67
73 41 38 29 67 78 55 24 35 16 10 96 21 49 59 99 35 97 78 52 55 32 34 23 95 44 59 100 60 25 68 25 71 57 4 95 91 62 79 87 85 94 95 5 33 67 45 70 62 3 30 27 78 41 42 52 90 92 24 98 28 80 22 83 87 99 41 35 97 50 20 49 46 75 58 50 100 97 30 13
97 14
22 3 16 85 54 81 7 68 6 40 1 27 14 22 72 94 58 50 13 11 57 2 70 32 9 87 43 100 88 94 81 75 58 53 40 71 7 100 36 40 97 42 61 79 29 87 85 63 90 86 86 60 79 69 77 25 23 56 38 75 41 72 57 46 73 34 9 79 75 99 31 95 86 36 41 24 90 20 87 77 38 41 21 47 53 40 58 41 33 45 45 67 56 7 3 82 95
16 68
2 52 32 17 50 52 98 65 93 5 99 74 73 92 25 6
32 59
3 43 88 69 91 12 55 78 91 69 28 48 21 81 36 70 89 89 9 8 24 36 18 23 62 49 39 42 100 81 16 85
44 58
68 22 12 7 100 93 48 72 87 85 47 36 84 75 88 49 34 56 27 52 81 7 87 14 90 4 44 10 75 4 84 72 70 44 77 49 61 39 35 36 16 84 84 100
91 93
15 63 12 66 61 91 95 61 77 43 63 88 15 36 20 91 39 56 45 16 71 79 11 92 74 85 34 24 95 35 9 59 89 4 85 30 40 54 55 69 72 13 21 68 56 32 43 75 61 16 62 13 24 57 30 43 18 14 14 70 95 15 97 54 58 12 90 70 50 61 22 64 7 36 17 43 86 15 74 22 67 94 52 3 54 63 1 60 24 20 88
24 86
5 55 69 6 99 82 4 33 84 39 18 88 96 26 42 51 26 15 82 71 4 69 87 56
96 85
23 42 39 43 9 47 89 24 8 81 13 78 80 75 50 16 49 50 76 49 88 34 28 10 47 87 60 89 56 77 10 81 57 90 7 60 82 6 70 52 19 95 69 17 100 18 72 9 87 25 70 45 33 7 32 44 87 29 50 81 66 79 75 30 29 18 100 74 22 43 74 94 95 28 24 96 70 45 83 80 43 13 32 95 89 58 37 44 52 43 28 5 98 41 52 15
23 44
26 14 41 18 39 79 7 92 34 2 85 92 32 94 33 83 27 39 65 19 64 7 1
72 52
40 62 55 53 89 64 15 32 95 43 39 98 42 72 31 59 12 38 43 94 29 58 61 19 4 64 11 53 41 7 91 20 95 33 29 10 84 86 78 3 94 29 34 67 28 16 21 95 30 12 98 60 1 93 80 75 47 15 64 96 61 53 14 94 33 8 55 74 67 8 79 91
43 94
44 13 21 45 71 9 79 23 41 41 2 27 69 37 43 76 27 72 20 31 44 43 75 17 73 82 83 87 65 20 65 95 55 62 80 11 19 71 11 79 100 70 59
90 22
75 29 37 33 79 13 50 57 70 1 83 39 94 51 97 44 82 72 46 9 52 1 73 75 19 100 85 59 63 12 60 32 2 96 78 92 71 9 92 25 53 46 22 57 22 96 85 28 72 5 29 60 48 94 7 41 30 8 40 10 92 74 93 60 66 93 41 69 17 20 56 52 98 34 51 47 94 49 48 25 23 56 52 9 62 4 61 91 15 91
37 2
13 97 55 97 82 95 32 41 45 61 11 10 54 50 73 14 62 83 56 75 4 76 81 45 98 18 99 59 92 30 62 57 5 40 24 98 72
100 51
35 63 24 47 67 73 70 93 40 29 13 28 18 20 78 82 35 76 98 98 83 43 24 69 88 65 40 91 21 26 93 24 26 38 6 23 92 7 25 73 27 20 60 25 63 46 94 10 94 71 12 42 62 57 70 66 20 42 68 89 21 37 20 41 40 19 15 83 19 11 68 7 89 11 52 21 76 93 47 22 24 76 37 93 96 94 84 59 23 5 9 97 18 1 21 54 16 78 94 48
13 47
15 79 60 98 24 67 30 76 85 97 4 39 20
61 85
46 41 82 59 13 50 7 100 86 51 37 10 39 100 45 7 9 1 39 54 64 53 59 94 80 13 11 66 28 23 1 61 13 6 67 63 41 56 88 83 91 63 68 94 46 93 86 31 98 86 29 33 79 22 74 2 25 63 69 54 94
7 10
20 94 2 100 54 84 63
18 19
58 97 78 56 26 72 24 51 82 23 20 76 65 88 63 56 35 18
1 32
79
79 62
58 26 42 35 6 59 82 24 24 61 20 68 64 33 81 26 25 100 20 13 43 31 50 22 87 37 23 70 44 9 48 16 3 85 30 51 70 34 66 75 14 81 52 24 70 33 69 100 83 62 8 99 45 73 13 96 26 29 13 29 14 97 5 1 15 79 61 57 78 33 38 21 37 30 74 68 42 19 60
35 84
10 80 2 40 7 57 3 39 9 13 64 86 75 40 31 22 88 87 88 82 27 67 85 73 27 90 80 96 31 85 98 88 29 47 39
71 32
33 78 53 14 71 50 17 63 89 25 81 63 49 76 46 82 92 39 35 62 27 3 33 64 13 33 19 67 82 52 26 37 38 26 32 52 94 95 13 32 93 83 50 89 83 45 54 44 94 32 65 57 38 73 63 36 91 96 1 48 13 51 78 98 71 73 4 30 78 100 95
75 68
54 19 23 76 52 66 14 29 59 77 73 63 54 51 81 4 56 22 59 59 4 49 43 41 50 25 62 12 92 4 73 37 25 74 90 77 8 30 80 24 24 77 10 69 75 78 88 79 24 70 65 28 38 40 84 63 2 91 30 40 31 90 51 29 64 73 85 25 94 75 49 83 12 7 100
80 23
2 65 49 57 1 95 89 45 7 57 62 84 58 87 65 2 91 100 15 52 66 43 49 12 75 15 15 82 10 46 9 46 69 39 90 58 31 14 66 9 83 81 1 64 82 53 44 16 58 23 8 12 75 95 1 96 91 92 4 42 21 57 96 89 70 92 49 71 48 61 6 47 86 97 17 18 20 20 97 17
22 43
91 12 83 82 92 74 32 81 10 9 50 73 68 58 12 58 15 24 69 43 82 98
14 65
22 7 58 83 95 74 1 37 57 68 6 44 22 68
20 34
63 13 64 10 78 88 89 58 51 18 8 67 57 66 17 65 35 30 17 8
38 18
94 5 42 73 60 61 49 96 97 91 70 61 35 84 69 4 36 32 62 68 82 14 84 84 25 28 81 35 18 61 79 41 13 95 49 95 93 44
22 70
50 43 9 38 63 79 42 100 77 8 23 66 72 100 7 43 85 44 63 11 75 47
34 99
54 11 63 48 85 47 48 96 82 39 68 42 16 18 88 59 16 65 87 17 56 9 29 31 56 15 18 29 42 73 70 5 97 44
3 26
84 56 56
44 83
12 77 80 94 26 88 94 5 37 46 36 48 33 39 96 20 34 97 37 33 49 48 38 34 35 98 68 66 60 33 9 52 44 1 73 29 67 50 12 12 42 31 15 59
95 88
19 100 49 21 92 98 89 19 71 9 16 87 22 75 55 57 84 73 75 18 51 53 5 69 17 89 21 19 95 96 56 49 4 40 56 54 33 84 11 92 66 14 35 11 17 55 69 64 20 82 31 76 92 63 7 98 5 1 65 53 91 73 16 85 81 64 74 31 72 35 65 99 90 58 96 89 56 47 69 80 33 59 22 67 16 53 79 16 37 98 56 57 63 93 75
85 16
12 8 29 73 31 75 63 60 27 18 78 92 25 24 86 63 68 49 54 21 85 63 56 64 77 24 93 19 32 73 60 96 40 82 99 5 16 3 96 66 62 79 46 51 63 74 24 83 25 60 9 53 85 68 45 34 51 55 63 44 30 14 47 41 52 8 2 51 66 8 40 83 84 41 96 7 31 95 26 24 59 27 77 32 15
42 100
60 82 19 75 97 23 45 70 28 69 18 33 40 57 25 84 19 63 17 77 79 35 99 12 46 12 42 78 92 29 37 93 77 16 76 14 23 15 11 48 100 93
60 69
43 29 87 51 11 85 10 76 96 78 2 61 38 45 48 71 11 21 4 55 53 11 4 40 69 10 64 54 26 41 5 89 12 22 34 14 22 17 74 54 65 27 87 9 15 71 75 25 13 46 68 6 81 45 33 48 35 9 56 87
68 50
10 14 39 44 73 44 8 10 83 78 6 52 11 17 22 44 73 79 64 91 90 28 84 41 49 11 93 46 78 36 84 34 87 72 69 64 86 27 25 30 67 61 16 20 98 69 97 6 78 18 78 46 63 54 46 7 54 44 100 86 56 12 98 91 64 98 17 84
15 47
86 24 36 83 70 27 76 40 10 47 48 61 78 62 90
47 43
31 73 64 83 30 52 20 20 4 56 69 47 10 49 41 34 56 58 3 20 41 8 95 88 73 26 41 1 91 38 21 52 85 49 34 86 40 99 88 28 32 69 68 68 8 40 41
6 6
23 18 66 58 64 57
56 3
39 94 26 17 14 84 40 57 80 55 30 14 32 99 61 57 57 88 63 12 80 30 69 70 1 67 85 6 46 39 65 72 72 63 77 92 59 37 36 83 80 3 14 47 25 30 84 6 61 56 32 20 29 53 47 56
86 95
64 81 95 44 27 70 25 69 26 28 53 100 31 47 54 93 14 98 85 12 24 87 13 81 84 66 82 45 32 92 92 21 36 43 55 1 19 28 22 3 54 10 44 88 45 85 26 49 86 97 91 2 69 28 25 43 38 13 8 31 5 54 16 74 43 53 37 62 8 30 2 30 52 48 16 69 90 45 36 68 95 67 24 79 71 69
100 25
26 57 75 27 45 31 45 54 43 1 27 70 94 76 63 25 60 23 24 73 11 59 48 54 21 68 36 84 39 66 27 55 92 25 91 4 57 97 53 36 68 44 43 90 33 78 19 37 59 12 93 17 43 76 9 87 18 88 46 44 16 59 46 71 57 47 32 94 43 73 62 68 64 7 74 13 82 36 3 18 76 25 51 44 50 58 88 85 88 51 16 44 35 36 53 10 88 14 41 51
33 100
53 7 21 44 48 20 88 27 3 99 83 72 62 20 29 51 9 75 10 77 68 28 59 33 60 59 62 87 3 52 83 60 58
49 7
77 57 82 27 13 94 80 97 27 58 33 31 49 12 23 41 22 3 95 44 71 3 72 34 88 70 68 43 27 93 33 68 57 36 96 40 3 70 74 13 32 10 100 8 98 25 5 47 70
53 38
10 16 1 45 72 42 30 56 31 47 97 36 94 71 19 13 58 26 77 65 3 26 28 25 69 53 95 35 46 73 22 36 38 86 27 51 88 69 75 67 18 58 28 10 57 37 44 46 42 88 16 8 20
13 50
35 53 57 24 2 26 84 50 30 35 15 77 2
39 25
65 43 77 7 96 14 67 38 20 27 14 47 39 72 59 97 93 51 28 36 66 37 26 81 12 47 73 49 95 81 60 99 99 12 3 26 98 80 18
90 91
47 60 9 22 93 60 13 4 16 55 25 93 41 90 17 21 76 49 54 48 17 31 5 78 100 56 95 86 85 13 41 36 23 91 96 20 86 75 67 37 63 24 16 35 93 46 5 61 61 22 76 90 41 9 33 6 16 25 10 95 41 1 71 77 26 48 79 82 71 1 90 14 52 90 45 71 79 99 23 16 69 48 10 91 62 97 29 91 98 56
51 83
71 40 92 64 89 98 10 41 41 81 83 60 62 94 64 32 87 95 53 9 24 7 100 12 27 43 11 8 74 96 42 60 4 37 16 54 96 5 92 79 68 68 12 39 33 46 41 7 54 65 70
66 80
12 5 65 93 72 62 7 60 14 63 87 75 73 55 11 26 62 43 72 91 92 6 47 30 49 96 68 52 10 18 13 70 34 3 14 88 55 94 70 98 12 2 48 29 42 50 26 47 51 62 10 27 64 29 20 37 67 26 75 28 48 72 51 97 74 17
78 83
72 18 82 55 17 3 78 18 83 43 5 52 91 65 3 68 37 78 29 1 25 81 71 3 6 74 80 47 59 19 62 86 51 84 67 85 85 23 35 97 80 75 78 93 55 84 52 77 77 47 83 55 10 26 58 72 93 31 4 64 45 2 90 19 97 99 84 5 1 64 25 34 62 87 22 73 13 32
73 90
27 30 90 58 71 6 18 72 24 83 30 17 52 32 74 3 93 7 31 82 44 84 77 35 100 81 45 25 32 3 38 56 43 85 34 27 50 83 92 79 27 66 72 34 25 66 78 41 100 16 70 12 86 49 7 45 14 31 59 4 4 78 71 59 94 38 31 2 85 3 72 76 78
52 72
98 39 40 86 3 89 70 38 17 100 49 15 87 1 40 79 55 86 82 15 94 86 11 100 14 76 92 34 87 94 10 51 82 94 71 1 37 12 6 75 35 45 82 57 54 32 7 91 50 25 25 68
94 82
62 67 84 17 92 77 45 6 42 60 85 55 93 80 64 97 30 89 2 81 66 40 49 63 70 49 12 1 32 12 66 11 46 90 23 30 30 50 90 23 13 25 64 49 56 67 12 85 79 55 75 29 68 25 14 54 28 78 93 51 44 83 27 55 15 98 68 34 10 93 65 95 60 36 62 92 90 58 52 27 26 91 2 68 68 92 65 18 13 6 71 78 84 75
64 37
25 26 46 38 55 62 59 56 77 90 84 69 13 36 57 19 5 47 54 74 30 9 28 38 57 96 7 10 55 27 10 94 92 8 6 17 71 33 100 14 97 87 26 55 84 71 46 70 50 44 27 19 66 95 32 15 56 18 60 4 47 2 33 5
68 18
91 39 45 5 54 55 85 95 3 54 82 85 8 99 63 37 75 36 72 24 83 24 74 74 7 11 95 17 12 94 69 98 66 100 13 92 32 81 100 54 91 67 69 87 10 2 42 56 75 84 60 90 93 53 71 73 55 11 19 40 32 65 11 58 19 25 96 32
5 1
1 1 1 1 1
10 100
100 100 100 100 100 100 100 100 100 100