105
0 0 0
0 0 1
0 1 -1
0 1 1
1 1 1
1 2 1
1 2 2
2 1 0
-1 -1 -2
2147483647 1 -2147483648
2147483647 1 -2147483647
2147483647 2147483647 -1
2147483647 0 2147483647
2147483647 0 -2147483647
-2147483648 -1 2147483647
-2147483647 -2 2147483647
2147483646 1 2147483647
-2147483647 -1 -2147483648
-2147483648 -2147483648 0
-2147483648 -2147483648 -1
-2147483648 -2147483648 1
-2147483648 -2147483648 2147483647
18228 3447 14781
18228 10854 14781
9055 22281 31336
9055 6199 31336
20441 9907 10534
20441 24814 10534
3847 25559 29406
3847 20215 29406
29368 21262 8106
29368 11375 8106
16456 16158 298
16456 7470 298
96 20265 20361
96 28595 20361
2184 29707 31891
2184 28215 31891
32506 28392 4114
32506 27717 4114
17935 7337 10598
17935 21146 10598
22509 5998 28507
22509 31495 28507
31844 29966 1878
31844 20077 1878
16446 899 15547
16446 22668 15547
-26196 -2130 -28326
-26196 -3783 -28326
10387 22300 32687
10387 32415 32687
1749 25671 27420
1749 22168 27420
18392 237 18155
18392 12734 18155
21816 16460 5356
21816 11654 5356
24571 13872 10699
24571 17524 10699
22131 15263 1824
15939 3103 19042
15939 27604 19042
6246 21250 20513
16669 4178 12491
16669 10123 12491
25954 16624 9330
25954 1228 9330
27522 25320 2202
30050 28836 1214
30050 20708 1214
21054 8904 12150
12214 4106 16320
2491 32485 12353
2832 680 3512
2832 2474 3512
15146 3381 18527
15146 6773 18527
4906 13113 18019
4906 19810 18019
15889 16101 31990
15889 25062 31990
25223 11991 13232
25223 28228 13232
4017 5263 9280
4017 1103 9280
17409 12629 4780
17409 15155 4780
21441 10366 11075
-5 5 0
-5 6 1
-5 4 -1
-5 0 -5
791 15939 16730
791 29168 16730
-16999 -6187 -23186
-16999 -26578 -23186
827 12341 13168
-99 -100 -199
99 -100 -1
-99 -100 199
-1 -1 -2
-1 -1 2
-1 1 2
-1 1 0